intID	RA_0h_score	RA_0h_N	RA_0h_N.1	RA_0h_N.2	RA_72h_score	RA_72h_N	RA_72h_N.1	RA_72h_N.2	baitID	otherEndID	seqnames_otherEnd	start_otherEnd	end_otherEnd	seqnames_bait	start_bait	end_bait	RA_0h_N.1_downsampled	RA_0h_N.2_downsampled	RA_72h_N.1_downsampled	RA_72h_N.2_downsampled	RA_0h_N_downsampled	RA_72h_N_downsampled	genename	RA_0h_rep1_score	RA_0h_rep2_score	RA_72h_rep1_score	RA_72h_rep2_score	K27ac_peaks_bait	K27me3_peaks_bait	K27ac_peaks_otherEnd	K27me3_peaks_otherEnd	re_id_K27ac_peaks	chr_K27ac_peaks	start_K27ac_peaks	end_K27ac_peaks
3958676;3958521	3958676;3958521	5.58716387634834	57	62	51	2.02358622075035	19	17	20	3958676	3958521	chr11	96284200	96285181	chr11	96343553	96345280	47.4026448986625	51	16.8499074381734	16.4719066191193	57	17.9514667258117	Hoxb3	3.77482506421642	3.64166620477389	1.49204321593259	1.51564711272441	TRUE	TRUE	TRUE	TRUE	3958521	chr11	96284200	96285181
3958676;3958527	3958676;3958527	6.49324497096928	67	82	48	2.07259067274286	20	16	24	3958676	3958527	chr11	96286769	96287453	chr11	96343553	96345280	62.6938206724246	48	15.8587364123985	19.7662879429432	67	18.8962807640123	Hoxb3	4.89633454920668	3.25890747083689	1.33029838150145	1.80906442563471	TRUE	TRUE	TRUE	TRUE	3958527	chr11	96286769	96287453
3958676;3958572	3958676;3958572	6.3954356707394	86	98	70	3.71886579199233	38	43	34	3958676	3958572	chr11	96303541	96305271	chr11	96343553	96345280	74.9267612914342	70	42.6203541083211	28.0022412525028	86	35.9029334516235	Hoxb3	4.52127270361925	3.74193623384003	3.17315285148516	2.10569053335053	TRUE	TRUE	TRUE	TRUE	3958572	chr11	96303541	96305271
3958676;3958594	3958676;3958594	5.30258956093722	85	93	74	2.82243848601409	40	37	43	3958676	3958594	chr11	96309239	96315767	chr11	96343553	96345280	71.1039673479937	74	36.6733279536716	35.4145992311065	85	37.7925615280247	Hoxb3	3.70980007635951	3.43708302903279	2.11542509431791	2.38217230329733	TRUE	TRUE	TRUE	TRUE	3958594	chr11	96309239	96315767
3958676;3958608	3958676;3958608	5.09373147597881	114	126	99	5.77430171758659	75	63	86	3958676	3958608	chr11	96316718	96317732	chr11	96343553	96345280	96.3344073747012	99	62.4437746238192	70.8291984622131	114	70.8610528650463	Hoxb3	3.43433947669482	3.69686329252754	3.27797598040902	3.97521648637783	TRUE	TRUE	TRUE	TRUE	3958608	chr11	96316718	96317732
3958676;3958611	3958676;3958611	5.09373147597881	114	126	99	5.77430171758659	75	63	86	3958676	3958611	chr11	96318681	96321536	chr11	96343553	96345280	96.3344073747012	99	62.4437746238192	70.8291984622131	114	70.8610528650463	Hoxb3	3.43433947669482	3.69686329252754	3.27797598040902	3.97521648637783	TRUE	TRUE	TRUE	TRUE	3958611	chr11	96318681	96321536
3958676;3959266	3958676;3959266	1.73536943419903	12	14	9	5.28738826032462	19	17	20	3958676	3959266	chr11	96574683	96583827	chr11	96343553	96345280	10.7038230416335	9	16.8499074381734	16.4719066191193	12	17.9514667258117	Hoxb3	1.65845167838155	0.941355573689474	3.65851416972743	3.3814855746765	TRUE	TRUE	TRUE	FALSE	3959266	chr11	96574683	96583827
3958676;3959310	3958676;3959310	1.55188689610241	10	11	9	6.99292956661214	19	13	24	3958676	3959310	chr11	96595530	96596831	chr11	96343553	96345280	8.41014667556915	9	12.8852233350738	19.7662879429432	10	17.9514667258117	Hoxb3	1.11600256776025	1.02584315152267	2.99778282525469	5.31500764592355	TRUE	TRUE	TRUE	FALSE	3959310	chr11	96595530	96596831
3958676;3959354	3958676;3959354	1.79607629594491	11	14	7	6.50594356659707	17	13	20	3958676	3959354	chr11	96622120	96622924	chr11	96343553	96345280	10.7038230416335	7	12.8852233350738	16.4719066191193	11	16.0618386494105	Hoxb3	1.54482353171697	0.574460339392576	3.28796578033088	4.60419641790718	TRUE	TRUE	TRUE	FALSE	3959354	chr11	96622120	96622924
3958676;3959408	3958676;3959408	2.37930902160412	11	15	5	5.19575667736156	14	19	9	3958676	3959408	chr11	96645486	96646518	chr11	96343553	96345280	11.4683818303216	5	18.8322494897233	7.4123579786037	11	13.2273965348086	Hoxb3	2.48952652366082	0.0141531260203589	5.91487404290152	1.36065688857663	TRUE	TRUE	TRUE	FALSE	3959408	chr11	96645486	96646518
3958676;3959447	3958676;3959447	0.371818077327383	6	7	4	5.52411061870219	14	11	17	3958676	3959447	chr11	96666469	96666997	chr11	96343553	96345280	5.35191152081673	4	10.902881283524	14.0011206262514	6	13.2273965348086	Hoxb3	0.366056753640562	0	2.92561041288454	4.23309388887948	TRUE	TRUE	TRUE	FALSE	3959447	chr11	96666469	96666997
3958676;3959448	3958676;3959448	0.371818077327383	6	7	4	5.52411061870219	14	11	17	3958676	3959448	chr11	96667277	96667745	chr11	96343553	96345280	5.35191152081673	4	10.902881283524	14.0011206262514	6	13.2273965348086	Hoxb3	0.366056753640562	0	2.92561041288454	4.23309388887948	TRUE	TRUE	TRUE	FALSE	3959448	chr11	96667277	96667745
3958676;3960319	3958676;3960319	5.32786558979026	10	10	9	0.0811986712615056	4	2	6	3958676	3960319	chr11	97022052	97022321	chr11	96343553	96345280	7.64558788688104	9	1.98234205154982	4.9415719857358	10	3.77925615280247	Hoxb3	3.83741569465478	4.14712436870661	0	1.14282926704147	TRUE	TRUE	TRUE	FALSE	3960319	chr11	97022052	97022321
