intID	RA_0h_score	RA_0h_N	RA_0h_N.1	RA_0h_N.2	RA_72h_score	RA_72h_N	RA_72h_N.1	RA_72h_N.2	baitID	otherEndID	seqnames_otherEnd	start_otherEnd	end_otherEnd	seqnames_bait	start_bait	end_bait	RA_0h_N.1_downsampled	RA_0h_N.2_downsampled	RA_72h_N.1_downsampled	RA_72h_N.2_downsampled	RA_0h_N_downsampled	RA_72h_N_downsampled	genename	RA_0h_rep1_score	RA_0h_rep2_score	RA_72h_rep1_score	RA_72h_rep2_score	K27ac_peaks_bait	K27me3_peaks_bait	K27ac_peaks_otherEnd	K27me3_peaks_otherEnd	re_id_K27me3_peaks	chr_K27me3_peaks	start_K27me3_peaks	end_K27me3_peaks
3958676;3958248	3958676;3958248	7.09236177058492	32	34	29	0.234496700418825	6	7	6	3958676	3958248	chr11	101163769	101171052	chr11	96343553	96345280	25.9949988153956	29	6.93819718042436	4.9415719857358	32	5.6688842292037	Hoxb3	4.44840109187503	4.46654354437897	0.586468356274777	0.261683701765158	TRUE	TRUE	FALSE	TRUE	3958248	chr11	101163769	101171052
3958676;3958261	3958676;3958261	7.09236177058492	32	34	29	0.234496700418825	6	7	6	3958676	3958261	chr11	101172346	101178137	chr11	96343553	96345280	25.9949988153956	29	6.93819718042436	4.9415719857358	32	5.6688842292037	Hoxb3	4.44840109187503	4.46654354437897	0.586468356274777	0.261683701765158	TRUE	TRUE	FALSE	TRUE	3958261	chr11	101172346	101178137
3958676;3958286	3958676;3958286	5.38790751063118	28	32	22	0.119018950151172	5	2	8	3958676	3958286	chr11	101266322	101266649	chr11	96343553	96345280	24.4658812380193	22	1.98234205154982	6.58876264764773	28	4.72407019100309	Hoxb3	3.77832865200289	2.88012371280908	0	0.629081829816617	TRUE	TRUE	FALSE	TRUE	3958286	chr11	101266322	101266649
3958676;3958296	3958676;3958296	5.38790751063118	28	32	22	0.119018950151172	5	2	8	3958676	3958296	chr11	101280300	101280618	chr11	96343553	96345280	24.4658812380193	22	1.98234205154982	6.58876264764773	28	4.72407019100309	Hoxb3	3.77832865200289	2.88012371280908	0	0.629081829816617	TRUE	TRUE	FALSE	TRUE	3958296	chr11	101280300	101280618
3958676;3958305	3958676;3958305	5.35092022143936	29	36	20	0.0136840799065556	5	1	9	3958676	3958305	chr11	101315895	101316453	chr11	96343553	96345280	27.5241163927718	20	0.991171025774909	7.4123579786037	29	4.72407019100309	Hoxb3	4.15562637387476	2.41298090620757	0	0.611545935955457	TRUE	TRUE	TRUE	TRUE	3958305	chr11	101315895	101316453
3958676;3958322	3958676;3958322	7.63420259694121	43	49	36	0.355185680204189	6	5	7	3958676	3958322	chr11	101442577	101442881	chr11	96343553	96345280	37.4633806457171	36	4.95585512887454	5.76516731669176	43	5.6688842292037	Hoxb3	4.8114454542757	4.85279996609212	0.234339543879907	0.428024565650038	TRUE	TRUE	TRUE	TRUE	3958322	chr11	101442577	101442881
3958676;3958487	3958676;3958487	5.66678780855164	49	55	42	0.773379712070618	11	10	11	3958676	3958487	chr11	101936721	101937073	chr11	96343553	96345280	42.0507333778457	42	9.91171025774909	9.05954864051563	49	10.3929544202068	Hoxb3	3.92469845449131	3.48293817437634	0.85336904030401	0.655628738155974	TRUE	TRUE	FALSE	TRUE	3958487	chr11	101936721	101937073
3958676;3958502	3958676;3958502	5.66678780855164	49	55	42	0.773379712070618	11	10	11	3958676	3958502	chr11	101961570	101965270	chr11	96343553	96345280	42.0507333778457	42	9.91171025774909	9.05954864051563	49	10.3929544202068	Hoxb3	3.92469845449131	3.48293817437634	0.85336904030401	0.655628738155974	TRUE	TRUE	FALSE	TRUE	3958502	chr11	101961570	101965270
3958676;3958517	3958676;3958517	6.63389624208675	69	69	69	3.39259942773711	26	28	24	3958676	3958517	chr11	102025455	102025780	chr11	96343553	96345280	52.7545564194792	69	27.7527887216974	19.7662879429432	69	24.565164993216	Hoxb3	4.44430375429618	4.67345594983259	2.80270561670737	1.95447790991795	TRUE	TRUE	FALSE	TRUE	3958517	chr11	102025455	102025780
3958676;3958529	3958676;3958529	7.60641394732148	75	77	73	2.93773691802207	25	23	26	3958676	3958529	chr11	102026288	102026651	chr11	96343553	96345280	58.871026728984	73	22.7969335928229	21.4134786048551	75	23.6203509550154	Hoxb3	4.64785763578706	5.22318750573181	2.08336542552651	2.01095894441491	TRUE	TRUE	FALSE	TRUE	3958529	chr11	102026288	102026651
3958676;3958562	3958676;3958562	5.88900957400214	65	78	48	1.94823491110305	20	22	18	3958676	3958562	chr11	102105978	102108495	chr11	96343553	96345280	59.6355855176721	48	21.805762567048	14.8247159572074	65	18.8962807640123	Hoxb3	4.41444264955056	3.10166555769094	1.85994662398904	1.23527457616347	TRUE	TRUE	FALSE	TRUE	3958562	chr11	102105978	102108495
3958676;3958606	3958676;3958606	5.09373147597881	114	126	99	5.77430171758659	75	63	86	3958676	3958606	chr11	102398677	102399110	chr11	96343553	96345280	96.3344073747012	99	62.4437746238192	70.8291984622131	114	70.8610528650463	Hoxb3	3.43433947669482	3.69686329252754	3.27797598040902	3.97521648637783	TRUE	TRUE	FALSE	TRUE	3958606	chr11	102398677	102399110
3958676;3958615	3958676;3958615	5.09373147597881	114	126	99	5.77430171758659	75	63	86	3958676	3958615	chr11	102438526	102438830	chr11	96343553	96345280	96.3344073747012	99	62.4437746238192	70.8291984622131	114	70.8610528650463	Hoxb3	3.43433947669482	3.69686329252754	3.27797598040902	3.97521648637783	TRUE	TRUE	FALSE	TRUE	3958615	chr11	102438526	102438830
3958676;3960289	3958676;3960289	5.23777505249434	10	8	12	0	3	2	3	3958676	3960289	chr11	103198805	103199361	chr11	96343553	96345280	6.11647030950483	12	1.98234205154982	2.4707859928679	10	2.83444211460185	Hoxb3	2.46365415623227	6.31199055412371	0	0	TRUE	TRUE	FALSE	TRUE	3960289	chr11	103198805	103199361
3958676;3960305	3958676;3960305	5.28781753130363	10	10	10	0	3	1	4	3958676	3960305	chr11	103217343	103217688	chr11	96343553	96345280	7.64558788688104	10	0.991171025774909	3.29438132382386	10	2.83444211460185	Hoxb3	3.79981836572087	4.86507522334183	0	0.124391869090889	TRUE	TRUE	FALSE	TRUE	3960305	chr11	103217343	103217688
