intID	RA_0h_score	RA_0h_N	RA_0h_N.1	RA_0h_N.2	RA_72h_score	RA_72h_N	RA_72h_N.1	RA_72h_N.2	baitID	otherEndID	seqnames_otherEnd	start_otherEnd	end_otherEnd	seqnames_bait	start_bait	end_bait	RA_0h_N.1_downsampled	RA_0h_N.2_downsampled	RA_72h_N.1_downsampled	RA_72h_N.2_downsampled	RA_0h_N_downsampled	RA_72h_N_downsampled	genename	RA_0h_rep1_score	RA_0h_rep2_score	RA_72h_rep1_score	RA_72h_rep2_score	K27ac_peaks_bait	K27me3_peaks_bait	K27ac_peaks_otherEnd	K27me3_peaks_otherEnd	clusters_refined
3958676;3958254,3958676;3958256,3958676;3958261	7.09236177058492	32	34	29	0.234496700418825	6	7	6	3958676	3958254,3958256,3958261	chr11	96170981	96177162	chr11	96343553	96345280	25.9949988153956	29	6.93819718042436	4.9415719857358	32	5.6688842292037	Hoxb3	4.44840109187503	4.46654354437897	0.586468356274777	0.261683701765158	TRUE	TRUE	FALSE	TRUE	interaction
3958676;3958290	5.38790751063118	28	32	22	0.119018950151172	5	2	8	3958676	3958290	chr11	96187317	96188091	chr11	96343553	96345280	24.4658812380193	22	1.98234205154982	6.58876264764773	28	4.72407019100309	Hoxb3	3.77832865200289	2.88012371280908	0	0.629081829816617	TRUE	TRUE	FALSE	TRUE	interaction
3958676;3958308	5.35092022143936	29	36	20	0.0136840799065556	5	1	9	3958676	3958308	chr11	96196118	96196585	chr11	96343553	96345280	27.5241163927718	20	0.991171025774909	7.4123579786037	29	4.72407019100309	Hoxb3	4.15562637387476	2.41298090620757	0	0.611545935955457	TRUE	TRUE	FALSE	TRUE	interaction
3958676;3958322	7.63420259694121	43	49	36	0.355185680204189	6	5	7	3958676	3958322	chr11	96202362	96203554	chr11	96343553	96345280	37.4633806457171	36	4.95585512887454	5.76516731669176	43	5.6688842292037	Hoxb3	4.8114454542757	4.85279996609212	0.234339543879907	0.428024565650038	TRUE	TRUE	FALSE	TRUE	interaction
3958676;3958489	5.66678780855164	49	55	42	0.773379712070618	11	10	11	3958676	3958489	chr11	96267885	96268590	chr11	96343553	96345280	42.0507333778457	42	9.91171025774909	9.05954864051563	49	10.3929544202068	Hoxb3	3.92469845449131	3.48293817437634	0.85336904030401	0.655628738155974	TRUE	TRUE	FALSE	TRUE	interaction
3958676;3958496,3958676;3958497,3958676;3958498,3958676;3958503,3958676;3958504,3958676;3958505,3958676;3958507,3958676;3958512,3958676;3958514,3958676;3958517,3958676;3958518,3958676;3958519,3958676;3958520,3958676;3958522,3958676;3958525,3958676;3958526	6.25330791050323	54	61	45	1.66968849469856	15	19	12	3958676	3958496,3958497,3958498,3958503,3958504,3958505,3958507,3958512,3958514,3958517,3958518,3958519,3958520,3958522,3958525,3958526	chr11	96269809	96287101	chr11	96343553	96345280	46.6380861099744	45	18.8322494897233	9.88314397147159	54	14.1722105730093	Hoxb3	4.31140350851765	3.68481118599843	1.9606854196567	0.881947160230363	TRUE	TRUE	FALSE	TRUE	interaction
3958676;3958532,3958676;3958534,3958676;3958537,3958676;3958541,3958676;3958542,3958676;3958547,3958676;3958550	5.88900957400214	65	78	48	1.94823491110305	20	22	18	3958676	3958532,3958534,3958537,3958541,3958542,3958547,3958550	chr11	96289522	96297397	chr11	96343553	96345280	59.6355855176721	48	21.805762567048	14.8247159572074	65	18.8962807640123	Hoxb3	4.41444264955056	3.10166555769094	1.85994662398904	1.23527457616347	TRUE	TRUE	FALSE	TRUE	interaction
3958676;3958559,3958676;3958560,3958676;3958562,3958676;3958563,3958676;3958566,3958676;3958567,3958676;3958571	6.70210282495577	85	99	67	3.67670493862389	36	32	39	3958676	3958559,3958560,3958562,3958563,3958566,3958567,3958571	chr11	96299938	96304264	chr11	96343553	96345280	75.6913200801223	67	31.7174728247971	32.1202179072827	85	34.0133053752222	Hoxb3	4.80907278928883	3.75895679736322	2.41499567068316	2.56028584426834	TRUE	TRUE	FALSE	TRUE	interaction
3958676;3958584	5.30258956093722	85	93	74	2.82243848601409	40	37	43	3958676	3958584	chr11	96309046	96309674	chr11	96343553	96345280	71.1039673479937	74	36.6733279536716	35.4145992311065	85	37.7925615280247	Hoxb3	3.70980007635951	3.43708302903279	2.11542509431791	2.38217230329733	TRUE	TRUE	TRUE	TRUE	interaction
3958676;3958608	5.09373147597881	114	126	99	5.77430171758659	75	63	86	3958676	3958608	chr11	96317195	96318052	chr11	96343553	96345280	96.3344073747012	99	62.4437746238192	70.8291984622131	114	70.8610528650463	Hoxb3	3.43433947669482	3.69686329252754	3.27797598040902	3.97521648637783	TRUE	TRUE	TRUE	TRUE	interaction
3958676;3958841	2.847967654598	34	33	36	5.46401564390741	38	33	43	3958676	3958841	chr11	96406590	96407047	chr11	96343553	96345280	25.2304400267074	36	32.708643850572	35.4145992311065	34	35.9029334516235	Hoxb3	1.86306199005402	2.49677120243425	3.26766688323551	3.65510209709145	TRUE	TRUE	FALSE	FALSE	interaction
3958676;3959148	1.87276186238652	15	17	13	6.3041547893756	21	14	26	3958676	3959148	chr11	96530325	96533281	chr11	96343553	96345280	12.9974994076978	13	13.8763943608487	21.4134786048551	15	19.841094802213	Hoxb3	1.43740277631358	1.55834883817314	2.60876969562926	4.59648720671061	TRUE	TRUE	FALSE	FALSE	interaction
3958676;3959160	1.96096124284155	13	16	10	5.91675376133645	22	20	24	3958676	3959160	chr11	96536113	96537201	chr11	96343553	96345280	12.2329406190097	10	19.8234205154982	19.7662879429432	13	20.7859088404136	Hoxb3	1.71566291970862	0.976688791182045	4.29044924505048	3.34722941632628	TRUE	TRUE	FALSE	FALSE	interaction
3958676;3959166	1.98697844316027	13	15	11	5.08250194042533	19	11	25	3958676	3959166	chr11	96538695	96539181	chr11	96343553	96345280	11.4683818303216	11	10.902881283524	20.5898832738992	13	17.9514667258117	Hoxb3	1.55681922905045	1.19611415039862	1.87055805669788	3.90418903764079	TRUE	TRUE	FALSE	FALSE	interaction
3958676;3959172	4.78477482774729	22	28	15	7.1995931646448	25	21	28	3958676	3959172	chr11	96539974	96541708	chr11	96343553	96345280	21.4076460832669	15	20.8145915412731	23.0606692667671	22	23.6203509550154	Hoxb3	3.9243933559697	2.05220520685504	4.64380559588358	4.54011110102272	TRUE	TRUE	FALSE	FALSE	interaction
3958676;3959180,3958676;3959185	5.18341767160722	23	28	16	4.39754880108632	17	16	18	3958676	3959180,3959185	chr11	96543676	96546779	chr11	96343553	96345280	21.4076460832669	16	15.8587364123985	14.8247159572074	23	16.0618386494105	Hoxb3	3.98320337330575	2.29797043590446	3.30279173435014	3.0037348978397	TRUE	TRUE	FALSE	FALSE	interaction
3958676;3959194,3958676;3959195,3958676;3959196,3958676;3959200,3958676;3959203	4.68738381434938	21	27	14	7.0002695068636	23	20	26	3958676	3959194,3959195,3959196,3959200,3959203	chr11	96550095	96553990	chr11	96343553	96345280	20.6430872945788	14	19.8234205154982	21.4134786048551	21	21.7307228786142	Hoxb3	3.91690073574077	1.92645920725269	4.54081569625311	4.96130769433714	TRUE	TRUE	FALSE	FALSE	interaction
3958676;3959210,3958676;3959215,3958676;3959220,3958676;3959222,3958676;3959224	5.15674649285921	22	27	15	2.96221998961595	14	10	17	3958676	3959210,3959215,3959220,3959222,3959224	chr11	96555772	96561603	chr11	96343553	96345280	20.6430872945788	15	9.91171025774909	14.0011206262514	22	13.2273965348086	Hoxb3	4.02126672569156	2.20536594083207	1.47766835235478	2.46990602292211	TRUE	TRUE	FALSE	FALSE	interaction
3958676;3959231	1.00416932184902	9	9	8	6.53574891264524	21	24	19	3958676	3959231	chr11	96564902	96565206	chr11	96343553	96345280	6.88102909819294	8	23.7881046185978	15.6483112881634	9	19.841094802213	Hoxb3	0.564288484511392	0.651630114267759	6.03372165479068	3.50963824669525	TRUE	TRUE	FALSE	FALSE	interaction
3958676;3959263,3958676;3959265,3958676;3959268,3958676;3959273,3958676;3959277	1.73536943419903	12	14	9	5.28738826032462	19	17	20	3958676	3959263,3959265,3959268,3959273,3959277	chr11	96577316	96584304	chr11	96343553	96345280	10.7038230416335	9	16.8499074381734	16.4719066191193	12	17.9514667258117	Hoxb3	1.65845167838155	0.941355573689474	3.65851416972743	3.3814855746765	TRUE	TRUE	TRUE	FALSE	interaction
3958676;3959286	2.18544319555477	12	13	10	5.67106851150835	18	17	18	3958676	3959286	chr11	96586457	96586998	chr11	96343553	96345280	9.93926425294536	10	16.8499074381734	14.8247159572074	12	17.0066526876111	Hoxb3	1.50785376529726	1.23984544041522	4.22077404958608	3.01353493479219	TRUE	TRUE	FALSE	FALSE	interaction
3958676;3959309	1.55188689610241	10	11	9	6.99292956661214	19	13	24	3958676	3959309	chr11	96595510	96596141	chr11	96343553	96345280	8.41014667556915	9	12.8852233350738	19.7662879429432	10	17.9514667258117	Hoxb3	1.11600256776025	1.02584315152267	2.99778282525469	5.31500764592355	TRUE	TRUE	TRUE	FALSE	interaction
3958676;3959316,3958676;3959319	0.857214611868764	8	8	8	5.24509104871548	18	16	20	3958676	3959316,3959319	chr11	96597501	96600815	chr11	96343553	96345280	6.11647030950483	8	15.8587364123985	16.4719066191193	8	17.0066526876111	Hoxb3	0.441852645098502	0.767235202400533	3.40584357417583	3.63597392868603	TRUE	TRUE	FALSE	FALSE	interaction
3958676;3959342,3958676;3959344,3958676;3959349	0.574909095154103	7	6	8	5.78297829537352	16	12	20	3958676	3959342,3959344,3959349	chr11	96613360	96619028	chr11	96343553	96345280	4.58735273212863	8	11.8940523092989	16.4719066191193	7	15.1170246112099	Hoxb3	0.00347158622336607	0.82985660554038	2.82708842472078	4.46417539701208	TRUE	TRUE	FALSE	FALSE	interaction
3958676;3959355,3958676;3959357	1.79607629594491	11	14	7	6.50594356659707	17	13	20	3958676	3959355,3959357	chr11	96622627	96626375	chr11	96343553	96345280	10.7038230416335	7	12.8852233350738	16.4719066191193	11	16.0618386494105	Hoxb3	1.54482353171697	0.574460339392576	3.28796578033088	4.60419641790718	TRUE	TRUE	TRUE	FALSE	interaction
3958676;3959367	1.8307419244559	10	14	5	6.24767610392179	18	12	23	3958676	3959367	chr11	96630299	96631400	chr11	96343553	96345280	10.7038230416335	5	11.8940523092989	18.9426926119872	10	17.0066526876111	Hoxb3	2.08939549887889	0	2.64086464133987	5.65487389498307	TRUE	TRUE	FALSE	FALSE	interaction
3958676;3959406	2.37930902160412	11	15	5	5.19575667736156	14	19	9	3958676	3959406	chr11	96644886	96645747	chr11	96343553	96345280	11.4683818303216	5	18.8322494897233	7.4123579786037	11	13.2273965348086	Hoxb3	2.48952652366082	0.0141531260203589	5.91487404290152	1.36065688857663	TRUE	TRUE	TRUE	FALSE	interaction
3958676;3959434	2.0580368032852	10	11	9	5.96245219293032	16	12	20	3958676	3959434	chr11	96658132	96658786	chr11	96343553	96345280	8.41014667556915	9	11.8940523092989	16.4719066191193	10	15.1170246112099	Hoxb3	1.47730959952121	1.35866372895743	3.25937367805855	5.13716896549953	TRUE	TRUE	FALSE	FALSE	interaction
3958676;3959446,3958676;3959448	3.97202226763625	14	17	10	6.09494777319321	15	12	17	3958676	3959446,3959448	chr11	96664697	96667584	chr11	96343553	96345280	12.9974994076978	10	11.8940523092989	14.0011206262514	14	14.1722105730093	Hoxb3	3.27160456329401	1.73801193462794	3.32447457294538	4.20416383262787	TRUE	TRUE	FALSE	FALSE	interaction
3958676;3959473	3.17036071672797	12	13	10	8.82376826038646	19	20	18	3958676	3959473	chr11	96676549	96678270	chr11	96343553	96345280	9.93926425294536	10	19.8234205154982	14.8247159572074	12	17.9514667258117	Hoxb3	2.20492738030247	1.8253607382879	6.9280418319759	4.71601144662043	TRUE	TRUE	FALSE	FALSE	interaction
3958676;3959481	0.857595593046369	7	8	5	5.10339052206981	13	14	12	3958676	3959481	chr11	96680858	96681278	chr11	96343553	96345280	6.11647030950483	5	13.8763943608487	9.88314397147159	7	12.282582496608	Hoxb3	0.707014454612269	0.0673370951292611	4.36078107479225	2.60723502405098	TRUE	TRUE	FALSE	FALSE	interaction
3958676;3959915	5.9257206898586	13	14	11	4.86986999101975	11	10	12	3958676	3959915	chr11	96854820	96855567	chr11	96343553	96345280	10.7038230416335	11	9.91171025774909	9.88314397147159	13	10.3929544202068	Hoxb3	4.39661342575202	3.846997413483	3.60438526859095	4.09527783276066	TRUE	TRUE	FALSE	FALSE	interaction
3958676;3960283	5.23777505249434	10	8	12	0	3	2	3	3958676	3960283	chr11	97012324	97013398	chr11	96343553	96345280	6.11647030950483	12	1.98234205154982	2.4707859928679	10	2.83444211460185	Hoxb3	2.46365415623227	6.31199055412371	0	0	TRUE	TRUE	FALSE	FALSE	interaction
3958676;3960305	5.28781753130363	10	10	10	0	3	1	4	3958676	3960305	chr11	97018189	97018450	chr11	96343553	96345280	7.64558788688104	10	0.991171025774909	3.29438132382386	10	2.83444211460185	Hoxb3	3.79981836572087	4.86507522334183	0	0.124391869090889	TRUE	TRUE	FALSE	TRUE	interaction
3958676;3960319	5.32786558979026	10	10	9	0.0811986712615056	4	2	6	3958676	3960319	chr11	97022112	97023267	chr11	96343553	96345280	7.64558788688104	9	1.98234205154982	4.9415719857358	10	3.77925615280247	Hoxb3	3.83741569465478	4.14712436870661	0	1.14282926704147	TRUE	TRUE	TRUE	FALSE	interaction
